  2.160  0.000  0.000  0.400  1.500  7.391  1.954 100000.  12191.    515.  0.7588  4.4065 96.9766  3.000 0.00000 0.00000
  2.160  0.000  0.000  0.400  1.500  6.410  2.633 100000.  12542.    635.  0.7634  3.9684 96.6575  3.000 0.00000 0.00000
  2.160  0.000  0.000  0.400  1.500  6.264  3.163 100000.  18321.   7208.  0.7644  1.1779 92.0093  3.000-0.51723 0.01558
  2.208  0.000  0.000  0.400  1.500  3.271  2.960 100000.  15826.   1528.  0.7744  2.5582 95.9796  3.000 0.00000 0.00000
  2.208  0.000  0.000  0.400  1.500  0.000  0.000 100000.      0.      0.  0.0000  0.0000  0.0000  3.000 0.00000 0.00000
  2.208  0.000  0.000  0.400  1.500  6.240  3.031 100000.  23046.  10693.  0.7645  0.9671 90.8535  3.000 0.00000 0.00000
  2.256  0.000  0.000  0.400  1.500  2.152  2.936 100000.  20012.   7873.  0.7766  1.1270 94.2598  3.000 0.00000 0.00000
  2.256  0.000  0.000  0.400  1.500  3.523  2.964 100000.  21561.   9452.  0.7738  1.0286 93.1816  3.000 0.00000 0.00000
  2.256  0.000  0.000  0.400  1.500  6.073  2.973 100000.  27189.  14089.  0.7652  0.8425 89.7740  3.000-0.10909 0.00528
  2.304  0.000  0.000  0.400  1.500  4.112  2.913 100000.  26706.  17063.  0.7722  0.7655 91.4239  3.000 0.00000 0.00000
  2.304  0.000  0.000  0.400  1.500  5.235  2.864 100000.  29784.  18015.  0.7685  0.7450 89.7373  3.000 0.00000 0.00000
  2.304  0.000  0.000  0.400  1.500  5.871  2.892 100000.  30657.  17273.  0.7660  0.7609 88.8068  3.000-0.01779 0.00348
  2.352  0.000  0.000  0.400  1.500  6.178  2.708 100000.  39736.  24781.  0.7647  0.6352 86.8588  3.000 0.00000 0.00000
  2.352  0.000  0.000  0.400  1.500  5.882  2.753 100000.  36722.  23441.  0.7660  0.6531 87.5405  3.000 0.00000 0.00000
  2.352  0.000  0.000  0.400  1.500  5.643  2.835 100000.  33717.  20109.  0.7669  0.7052 87.8887  3.000 0.03214 0.00276
  2.400  0.000  0.000  0.400  1.500  5.924  2.687 100000.  39750.  24170.  0.7658  0.6432 86.3565  3.000 0.00000 0.00000
  2.400  0.000  0.000  0.400  1.500  5.896  2.689 100000.  39666.  24035.  0.7659  0.6450 86.3418  3.000 0.00000 0.00000
  2.400  0.000  0.000  0.400  1.500  5.477  2.786 100000.  36071.  21775.  0.7676  0.6777 87.0043  3.000 0.00943 0.00280
  2.448  0.000  0.000  0.400  1.500  5.522  2.686 100000.  38914.  22724.  0.7674  0.6634 85.9942  3.000 0.00000 0.00000
  2.448  0.000  0.000  0.400  1.500  5.487  2.689 100000.  38892.  22618.  0.7675  0.6649 85.9335  3.000 0.00000 0.00000
  2.448  0.000  0.000  0.400  1.500  5.293  2.745 100000.  37423.  21960.  0.7682  0.6748 86.2132  3.000 0.00404 0.00291
  2.496  0.000  0.000  0.400  1.500  5.067  2.685 100000.  37838.  20912.  0.7691  0.6915 85.6166  3.000 0.00000 0.00000
  2.496  0.000  0.000  0.400  1.500  5.035  2.690 100000.  37735.  20819.  0.7692  0.6931 85.5373  3.000 0.00000 0.00000
  2.496  0.000  0.000  0.400  1.500  4.953  2.739 100000.  37720.  20590.  0.7695  0.6969 85.5113  3.000 0.00256 0.00307
  2.544  0.000  0.000  0.400  1.500  4.541  2.701 100000.  36490.  18789.  0.7708  0.7295 85.1875  3.000 0.00000 0.00000
  2.544  0.000  0.000  0.400  1.500  4.512  2.707 100000.  36395.  18777.  0.7709  0.7298 85.1212  3.000 0.00000 0.00000
  2.544  0.000  0.000  0.400  1.500  4.453  2.748 100000.  36576.  18544.  0.7711  0.7343 85.0519  3.000 0.00120 0.00328
  2.592  0.000  0.000  0.400  1.500  4.006  2.718 100000.  35043.  16657.  0.7725  0.7748 84.7898  3.000 0.00000 0.00000
  2.592  0.000  0.000  0.400  1.500  3.992  2.720 100000.  35034.  16638.  0.7725  0.7753 84.7213  3.000 0.00000 0.00000
  2.592  0.000  0.000  0.400  1.500  3.941  2.757 100000.  35145.  16344.  0.7726  0.7822 84.6438  3.000 0.00180 0.00353
  2.640  0.000  0.000  0.400  1.500  3.479  2.732 100000.  33673.  14493.  0.7739  0.8307 84.3643  3.000 0.00000 0.00000
  2.640  0.000  0.000  0.400  1.500  3.451  2.738 100000.  33639.  14464.  0.7739  0.8315 84.3051  3.000 0.00000 0.00000
  2.640  0.000  0.000  0.400  1.500  3.428  2.760 100000.  33755.  14105.  0.7740  0.8420 84.2436  3.000 0.00268 0.00383
  2.400  0.000  0.000  0.360  1.500  5.947  2.735 100000.  36434.  23572.  0.7657  0.6513 87.6628  3.000 0.00000 0.00000
  2.400  0.000  0.000  0.360  1.500  5.588  2.781 100000.  33959.  21647.  0.7671  0.6797 88.1836  3.000 0.00000 0.00000
  2.400  0.000  0.000  0.360  1.500  5.525  2.868 100000.  32713.  19254.  0.7674  0.7207 88.1484  3.000 0.04082 0.00285
  2.400  0.000  0.000  0.368  1.500  6.058  2.717 100000.  38841.  24235.  0.7652  0.6424 86.9769  3.000 0.00000 0.00000
  2.400  0.000  0.000  0.368  1.500  5.761  2.751 100000.  35770.  22795.  0.7664  0.6623 87.6542  3.000 0.00000 0.00000
  2.400  0.000  0.000  0.368  1.500  5.519  2.845 100000.  33399.  19881.  0.7674  0.7092 87.9149  3.000 0.03317 0.00280
  2.400  0.000  0.000  0.376  1.500  6.047  2.705 100000.  39403.  24378.  0.7653  0.6405 86.7364  3.000 0.00000 0.00000
  2.400  0.000  0.000  0.376  1.500  5.864  2.726 100000.  37236.  23593.  0.7660  0.6510 87.1990  3.000 0.00000 0.00000
  2.400  0.000  0.000  0.376  1.500  5.507  2.838 100000.  34109.  20514.  0.7675  0.6982 87.6920  3.000 0.02260 0.00279
  2.400  0.000  0.000  0.384  1.500  6.027  2.694 100000.  39708.  24427.  0.7653  0.6398 86.5506  3.000 0.00000 0.00000
  2.400  0.000  0.000  0.384  1.500  5.947  2.702 100000.  38514.  24058.  0.7657  0.6447 86.8055  3.000 0.00000 0.00000
  2.400  0.000  0.000  0.384  1.500  5.496  2.821 100000.  34808.  20947.  0.7675  0.6909 87.4411  3.000 0.01585 0.00278
  2.400  0.000  0.000  0.392  1.500  5.988  2.687 100000.  39846.  24331.  0.7655  0.6411 86.4567  3.000 0.00000 0.00000
  2.400  0.000  0.000  0.392  1.500  5.947  2.701 100000.  39279.  24257.  0.7657  0.6421 86.5391  3.000 0.00000 0.00000
  2.400  0.000  0.000  0.392  1.500  5.492  2.803 100000.  35428.  21449.  0.7675  0.6828 87.2380  3.000 0.01015 0.00279
  2.400  0.000  0.000  0.400  1.500  5.924  2.687 100000.  39750.  24170.  0.7658  0.6432 86.3565  3.000 0.00000 0.00000
  2.400  0.000  0.000  0.400  1.500  5.896  2.689 100000.  39666.  24035.  0.7659  0.6450 86.3418  3.000 0.00000 0.00000
  2.400  0.000  0.000  0.400  1.500  5.477  2.786 100000.  36071.  21775.  0.7676  0.6777 87.0043  3.000 0.00943 0.00280
  2.400  0.000  0.000  0.408  1.500  5.851  2.692 100000.  39727.  23987.  0.7661  0.6457 86.2578  3.000 0.00000 0.00000
  2.400  0.000  0.000  0.408  1.500  5.827  2.697 100000.  39677.  23898.  0.7662  0.6469 86.2344  3.000 0.00000 0.00000
  2.400  0.000  0.000  0.408  1.500  5.463  2.779 100000.  36607.  22079.  0.7676  0.6730 86.7930  3.000 0.00731 0.00281
  2.400  0.000  0.000  0.416  1.500  5.779  2.690 100000.  39623.  23684.  0.7664  0.6498 86.1869  3.000 0.00000 0.00000
  2.400  0.000  0.000  0.416  1.500  5.747  2.694 100000.  39611.  23593.  0.7665  0.6510 86.1340  3.000 0.00000 0.00000
  2.400  0.000  0.000  0.416  1.500  5.448  2.765 100000.  36968.  22243.  0.7677  0.6705 86.6068  3.000 0.00590 0.00283
  2.400  0.000  0.000  0.424  1.500  5.697  2.691 100000.  39500.  23410.  0.7667  0.6536 86.1066  3.000 0.00000 0.00000
  2.400  0.000  0.000  0.424  1.500  5.669  2.688 100000.  39423.  23304.  0.7668  0.6551 86.0727  3.000 0.00000 0.00000
  2.400  0.000  0.000  0.424  1.500  5.428  2.755 100000.  37479.  22344.  0.7677  0.6690 86.4268  3.000 0.00492 0.00285
  2.400  0.000  0.000  0.432  1.500  5.611  2.685 100000.  39286.  23056.  0.7670  0.6586 86.0257  3.000 0.00000 0.00000
  2.400  0.000  0.000  0.432  1.500  5.584  2.694 100000.  39255.  22996.  0.7671  0.6594 85.9818  3.000 0.00000 0.00000
  2.400  0.000  0.000  0.432  1.500  5.389  2.739 100000.  37808.  22236.  0.7679  0.6706 86.2225  3.000 0.00355 0.00288
  2.400  0.000  0.000  0.440  1.500  5.521  2.687 100000.  39057.  22755.  0.7674  0.6629 85.9564  3.000 0.00000 0.00000
  2.400  0.000  0.000  0.440  1.500  5.505  2.686 100000.  39056.  22640.  0.7674  0.6646 85.8972  3.000 0.00000 0.00000
  2.400  0.000  0.000  0.440  1.500  5.358  2.742 100000.  38191.  22220.  0.7680  0.6709 86.0364  3.000 0.00338 0.00291
