  2.700 -0.600  0.000  0.600  1.500  0.000  0.000 100000.   6895.      0.  0.0000  0.0000100.3860  3.000 0.00000 0.00000
  2.760 -0.600  0.000  0.600  1.500  0.000  0.000 100000.  11913.      0.  0.0000  0.0000 98.1172  3.000 0.00000 0.00000
  2.820 -0.600  0.000  0.600  1.500  1.092  2.331 100000.  17670.   3717.  0.7778  1.6402 95.6048  3.000 0.00000 0.00000
  2.880 -0.600  0.000  0.600  1.500  2.905  3.118 100000.  24104.  13796.  0.7752  0.8514 92.9827  3.000 0.00000 0.00000
  2.940 -0.600  0.000  0.600  1.500  6.066  3.015 100000.  43294.  28458.  0.7652  0.5928 86.7873  3.000 0.00000 0.00000
  3.000 -0.600  0.000  0.600  1.500  5.551  3.018 100000.  43180.  26099.  0.7673  0.6190 86.0611  3.000 0.00000 0.00000
  3.060 -0.600  0.000  0.600  1.500  4.965  3.027 100000.  41411.  23373.  0.7694  0.6541 85.6218  3.000 0.00000 0.00000
  3.120 -0.600  0.000  0.600  1.500  4.320  3.051 100000.  39493.  20402.  0.7715  0.7001 85.1218  3.000 0.00000 0.00000
  3.180 -0.600  0.000  0.600  1.500  3.659  3.083 100000.  37527.  17323.  0.7734  0.7598 84.6122  3.000 0.00000 0.00000
  3.240 -0.600  0.000  0.600  1.500  2.969  3.106 100000.  35531.  14103.  0.7750  0.8421 84.0904  3.000 0.00000 0.00000
  3.300 -0.600  0.000  0.600  1.500  2.278  3.140 100000.  33545.  10843.  0.7763  0.9603 83.5719  3.000 0.00000 0.00000
  2.700 -0.600  0.000  0.600  1.500 10.606  2.114 100000.   7075.    506.  0.7378  4.4455 97.8600  3.000 0.00000 0.00000
  2.760 -0.600  0.000  0.600  1.500  7.986  2.372 100000.  12094.   1167.  0.7555  2.9273 96.7393  3.000 0.00000 0.00000
  2.820 -0.600  0.000  0.600  1.500  3.533  2.492 100000.  17553.   3617.  0.7738  1.6628 95.1635  3.000 0.00000 0.00000
  2.880 -0.600  0.000  0.600  1.500  3.206  2.970 100000.  23605.  12859.  0.7745  0.8819 92.8493  3.000 0.00000 0.00000
  2.940 -0.600  0.000  0.600  1.500  5.871  3.048 100000.  40741.  26852.  0.7660  0.6103 87.2455  3.000 0.00000 0.00000
  3.000 -0.600  0.000  0.600  1.500  5.538  3.013 100000.  42732.  25615.  0.7673  0.6248 86.0823  3.000 0.00000 0.00000
  3.060 -0.600  0.000  0.600  1.500  4.983  3.017 100000.  41255.  23141.  0.7694  0.6574 85.5998  3.000 0.00000 0.00000
  3.120 -0.600  0.000  0.600  1.500  4.311  3.033 100000.  39318.  20048.  0.7716  0.7063 85.0702  3.000 0.00000 0.00000
  3.180 -0.600  0.000  0.600  1.500  3.670  3.061 100000.  37492.  17154.  0.7734  0.7635 84.5816  3.000 0.00000 0.00000
  3.240 -0.600  0.000  0.600  1.500  2.980  3.091 100000.  35532.  13980.  0.7750  0.8458 84.0486  3.000 0.00000 0.00000
  3.300 -0.600  0.000  0.600  1.500  2.271  3.136 100000.  33612.  10716.  0.7764  0.9660 83.5391  3.000 0.00000 0.00000
  3.000 -0.630  0.000  0.600  1.500  5.779  3.052 100000.  43171.  26861.  0.7664  0.6102 86.4604  3.000 0.00000 0.00000
  3.000 -0.642  0.000  0.600  1.500  5.747  3.091 100000.  40060.  26698.  0.7665  0.6120 87.3675  3.000 0.00000 0.00000
  3.000 -0.654  0.000  0.600  1.500  5.015  3.185 100000.  32443.  23508.  0.7693  0.6522 89.7337  3.000 0.00000 0.00000
  3.000 -0.660  0.000  0.600  1.500  4.553  3.222 100000.  30352.  21450.  0.7708  0.6828 90.4775  3.000 0.00000 0.00000
  3.000 -0.648  0.000  0.600  1.500  5.458  3.134 100000.  35594.  25391.  0.7676  0.6276 88.6474  3.000 0.00000 0.00000
  3.000 -0.636  0.000  0.600  1.500  5.806  3.058 100000.  42536.  26921.  0.7663  0.6095 86.6807  3.000 0.00000 0.00000
  3.000 -0.624  0.000  0.600  1.500  5.748  3.044 100000.  43356.  26710.  0.7665  0.6119 86.3459  3.000 0.00000 0.00000
  3.000 -0.612  0.000  0.600  1.500  5.648  3.036 100000.  43189.  26220.  0.7669  0.6176 86.2143  3.000 0.00000 0.00000
  3.000 -0.600  0.000  0.600  1.500  5.538  3.013 100000.  42732.  25615.  0.7673  0.6248 86.0823  3.000 0.00000 0.00000
  3.000 -0.588  0.000  0.600  1.500  5.413  3.009 100000.  42375.  24991.  0.7678  0.6326 85.9563  3.000 0.00000 0.00000
  3.000 -0.576  0.000  0.600  1.500  5.288  3.000 100000.  41958.  24387.  0.7683  0.6404 85.8597  3.000 0.00000 0.00000
  3.000 -0.564  0.000  0.600  1.500  5.155  2.993 100000.  41569.  23741.  0.7687  0.6490 85.7477  3.000 0.00000 0.00000
  3.000 -0.552  0.000  0.600  1.500  5.013  2.982 100000.  41021.  23050.  0.7693  0.6587 85.6206  3.000 0.00000 0.00000
  3.000 -0.540  0.000  0.600  1.500  4.863  2.980 100000.  40445.  22288.  0.7698  0.6698 85.4882  3.000 0.00000 0.00000
  3.000 -0.600  0.000  0.540  1.500  4.163  3.212 100000.  28282.  19543.  0.7720  0.7153 90.9868  3.000 0.00000 0.00000
  3.000 -0.600  0.000  0.552  1.500  5.094  3.117 100000.  32434.  23445.  0.7690  0.6531 89.4712  3.000 0.00000 0.00000
  3.000 -0.600  0.000  0.564  1.500  5.737  3.040 100000.  40367.  26306.  0.7665  0.6166 87.0777  3.000 0.00000 0.00000
  3.000 -0.600  0.000  0.576  1.500  5.718  3.027 100000.  42697.  26362.  0.7666  0.6159 86.4071  3.000 0.00000 0.00000
  3.000 -0.600  0.000  0.588  1.500  5.634  3.017 100000.  42998.  26045.  0.7669  0.6196 86.2029  3.000 0.00000 0.00000
  3.000 -0.600  0.000  0.600  1.500  5.538  3.013 100000.  42732.  25615.  0.7673  0.6248 86.0823  3.000 0.00000 0.00000
  3.000 -0.600  0.000  0.612  1.500  5.410  3.023 100000.  42597.  25121.  0.7678  0.6309 85.9688  3.000 0.00000 0.00000
  3.000 -0.600  0.000  0.624  1.500  5.280  3.018 100000.  42240.  24520.  0.7683  0.6386 85.8418  3.000 0.00000 0.00000
  3.000 -0.600  0.000  0.636  1.500  5.148  3.017 100000.  41794.  23918.  0.7688  0.6466 85.7337  3.000 0.00000 0.00000
  3.000 -0.600  0.000  0.648  1.500  5.014  3.016 100000.  41476.  23320.  0.7693  0.6548 85.6283  3.000 0.00000 0.00000
  3.000 -0.600  0.000  0.660  1.500  4.856  3.014 100000.  40951.  22524.  0.7698  0.6663 85.4773  3.000 0.00000 0.00000
  3.000 -0.600  0.000  0.600  1.350  5.569  3.012 100000.  42507.  25778.  0.7672  0.6228 86.2201  3.000 0.00000 0.00000
  3.000 -0.600  0.000  0.600  1.380  5.570  3.012 100000.  42844.  25789.  0.7672  0.6227 86.1661  3.000 0.00000 0.00000
  3.000 -0.600  0.000  0.600  1.410  5.569  3.012 100000.  42995.  25796.  0.7672  0.6226 86.1139  3.000 0.00000 0.00000
  3.000 -0.600  0.000  0.600  1.440  5.557  3.012 100000.  42935.  25707.  0.7672  0.6237 86.1022  3.000 0.00000 0.00000
  3.000 -0.600  0.000  0.600  1.470  5.564  3.017 100000.  42946.  25791.  0.7672  0.6227 86.1223  3.000 0.00000 0.00000
  3.000 -0.600  0.000  0.600  1.500  5.538  3.013 100000.  42732.  25615.  0.7673  0.6248 86.0823  3.000 0.00000 0.00000
  3.000 -0.600  0.000  0.600  1.530  5.466  3.008 100000.  42507.  25224.  0.7676  0.6296 85.9896  3.000 0.00000 0.00000
  3.000 -0.600  0.000  0.600  1.560  5.346  3.007 100000.  42081.  24590.  0.7680  0.6377 85.8763  3.000 0.00000 0.00000
  3.000 -0.600  0.000  0.600  1.590  5.204  3.012 100000.  41699.  23790.  0.7686  0.6483 85.7271  3.000 0.00000 0.00000
  3.000 -0.600  0.000  0.600  1.620  5.023  3.009 100000.  40960.  22619.  0.7692  0.6649 85.5398  3.000 0.00000 0.00000
  3.000 -0.600  0.000  0.600  1.650  4.801  3.019 100000.  40350.  21212.  0.7700  0.6866 85.3368  3.000 0.00000 0.00000
