  3.000 -0.600  0.000  0.540  1.500  4.163  3.212 100000.  28282.  19543.  0.7720  0.7153 90.9868  3.000 0.00000 0.00000
  3.000 -0.600  0.000  0.540  1.500  4.817  3.181 100000.  31452.  20315.  0.7700  0.7016 89.4863  3.000 0.00000 0.00000
  3.000 -0.600  0.000  0.540  1.500  5.183  3.234 100000.  33216.  19334.  0.7687  0.7192 88.4798  3.000-0.01120 0.00320
  3.000 -0.600  0.000  0.552  1.500  5.094  3.117 100000.  32434.  23445.  0.7690  0.6531 89.4712  3.000 0.00000 0.00000
  3.000 -0.600  0.000  0.552  1.500  5.170  3.135 100000.  34749.  22797.  0.7687  0.6623 88.4856  3.000 0.00000 0.00000
  3.000 -0.600  0.000  0.552  1.500  5.181  3.199 100000.  34398.  20364.  0.7687  0.7008 88.0982  3.000 0.01897 0.00286
  3.000 -0.600  0.000  0.564  1.500  5.737  3.040 100000.  40367.  26306.  0.7665  0.6166 87.0777  3.000 0.00000 0.00000
  3.000 -0.600  0.000  0.564  1.500  5.381  3.084 100000.  37293.  24346.  0.7679  0.6409 87.6780  3.000 0.00000 0.00000
  3.000 -0.600  0.000  0.564  1.500  5.170  3.173 100000.  35419.  21319.  0.7687  0.6849 87.7487  3.000 0.03897 0.00265
  3.000 -0.600  0.000  0.576  1.500  5.718  3.027 100000.  42697.  26362.  0.7666  0.6159 86.4071  3.000 0.00000 0.00000
  3.000 -0.600  0.000  0.576  1.500  5.527  3.047 100000.  39640.  25455.  0.7674  0.6268 87.0074  3.000 0.00000 0.00000
  3.000 -0.600  0.000  0.576  1.500  5.163  3.150 100000.  36438.  22120.  0.7687  0.6724 87.4078  3.000 0.02350 0.00265
  3.000 -0.600  0.000  0.588  1.500  5.634  3.017 100000.  42998.  26045.  0.7669  0.6196 86.2029  3.000 0.00000 0.00000
  3.000 -0.600  0.000  0.588  1.500  5.577  3.032 100000.  41639.  25803.  0.7672  0.6225 86.4451  3.000 0.00000 0.00000
  3.000 -0.600  0.000  0.588  1.500  5.149  3.129 100000.  37305.  22711.  0.7688  0.6636 87.0582  3.000 0.01287 0.00267
  3.000 -0.600  0.000  0.600  1.500  5.538  3.013 100000.  42732.  25615.  0.7673  0.6248 86.0823  3.000 0.00000 0.00000
  3.000 -0.600  0.000  0.600  1.500  5.496  3.029 100000.  42598.  25533.  0.7675  0.6258 86.0632  3.000 0.00000 0.00000
  3.000 -0.600  0.000  0.600  1.500  5.126  3.104 100000.  38214.  23055.  0.7689  0.6586 86.7508  3.000 0.00875 0.00269
  3.000 -0.600  0.000  0.612  1.500  5.410  3.023 100000.  42597.  25121.  0.7678  0.6309 85.9688  3.000 0.00000 0.00000
  3.000 -0.600  0.000  0.612  1.500  5.384  3.023 100000.  42463.  24992.  0.7679  0.6326 85.9056  3.000 0.00000 0.00000
  3.000 -0.600  0.000  0.612  1.500  5.095  3.076 100000.  38908.  23158.  0.7690  0.6571 86.4464  3.000 0.00765 0.00273
  3.000 -0.600  0.000  0.624  1.500  5.280  3.018 100000.  42240.  24520.  0.7683  0.6386 85.8418  3.000 0.00000 0.00000
  3.000 -0.600  0.000  0.624  1.500  5.257  3.026 100000.  42226.  24443.  0.7684  0.6396 85.7911  3.000 0.00000 0.00000
  3.000 -0.600  0.000  0.624  1.500  5.040  3.062 100000.  39463.  23081.  0.7692  0.6582 86.1628  3.000 0.00551 0.00277
  3.000 -0.600  0.000  0.636  1.500  5.148  3.017 100000.  41794.  23918.  0.7688  0.6466 85.7337  3.000 0.00000 0.00000
  3.000 -0.600  0.000  0.636  1.500  5.126  3.031 100000.  41921.  23911.  0.7689  0.6467 85.6831  3.000 0.00000 0.00000
  3.000 -0.600  0.000  0.636  1.500  4.962  3.062 100000.  40012.  22910.  0.7694  0.6607 85.9215  3.000 0.00334 0.00281
  3.000 -0.600  0.000  0.648  1.500  5.014  3.016 100000.  41476.  23320.  0.7693  0.6548 85.6283  3.000 0.00000 0.00000
  3.000 -0.600  0.000  0.648  1.500  4.981  3.031 100000.  41514.  23273.  0.7694  0.6555 85.5629  3.000 0.00000 0.00000
  3.000 -0.600  0.000  0.648  1.500  4.864  3.054 100000.  40341.  22468.  0.7698  0.6671 85.6581  3.000 0.00344 0.00286
  3.000 -0.600  0.000  0.660  1.500  4.856  3.014 100000.  40951.  22524.  0.7698  0.6663 85.4773  3.000 0.00000 0.00000
  3.000 -0.600  0.000  0.660  1.500  4.832  3.038 100000.  41013.  22587.  0.7699  0.6654 85.4401  3.000 0.00000 0.00000
  3.000 -0.600  0.000  0.660  1.500  4.728  3.057 100000.  40423.  21879.  0.7702  0.6761 85.4350  3.000 0.00134 0.00293
  3.000 -0.600  0.000  0.600  1.500  5.538  3.013 100000.  42732.  25615.  0.7673  0.6248 86.0823  3.000 0.00000 0.00000
  3.000 -0.600  0.000  0.600  1.500  5.496  3.029 100000.  42598.  25533.  0.7675  0.6258 86.0632  3.000 0.00000 0.00000
  3.000 -0.600  0.000  0.600  1.500  5.126  3.104 100000.  38214.  23055.  0.7689  0.6586 86.7508  3.000 0.00875 0.00269
  3.000 -0.600  0.000  0.600  1.350  5.569  3.012 100000.  42507.  25778.  0.7672  0.6228 86.2201  3.000 0.00000 0.00000
  3.000 -0.600  0.000  0.600  1.350  5.523  3.023 100000.  42268.  25625.  0.7674  0.6247 86.2189  3.000 0.00000 0.00000
  3.000 -0.600  0.000  0.600  1.350  5.149  3.100 100000.  38037.  23131.  0.7688  0.6575 86.8906  3.000 0.00982 0.00268
  3.000 -0.600  0.000  0.600  1.380  5.570  3.012 100000.  42844.  25789.  0.7672  0.6227 86.1661  3.000 0.00000 0.00000
  3.000 -0.600  0.000  0.600  1.380  5.516  3.024 100000.  42512.  25636.  0.7674  0.6246 86.1497  3.000 0.00000 0.00000
  3.000 -0.600  0.000  0.600  1.380  5.147  3.099 100000.  38327.  23121.  0.7688  0.6577 86.8168  3.000 0.00988 0.00268
  3.000 -0.600  0.000  0.600  1.410  5.569  3.012 100000.  42995.  25796.  0.7672  0.6226 86.1139  3.000 0.00000 0.00000
  3.000 -0.600  0.000  0.600  1.410  5.533  3.018 100000.  42652.  25587.  0.7673  0.6252 86.1158  3.000 0.00000 0.00000
  3.000 -0.600  0.000  0.600  1.410  5.145  3.097 100000.  38384.  23099.  0.7688  0.6580 86.7957  3.000 0.01065 0.00268
  3.000 -0.600  0.000  0.600  1.440  5.557  3.012 100000.  42935.  25707.  0.7672  0.6237 86.1022  3.000 0.00000 0.00000
  3.000 -0.600  0.000  0.600  1.440  5.529  3.030 100000.  42704.  25675.  0.7673  0.6241 86.1177  3.000 0.00000 0.00000
  3.000 -0.600  0.000  0.600  1.440  5.147  3.108 100000.  38390.  23124.  0.7688  0.6576 86.8128  3.000 0.00818 0.00269
  3.000 -0.600  0.000  0.600  1.470  5.564  3.017 100000.  42946.  25791.  0.7672  0.6227 86.1223  3.000 0.00000 0.00000
  3.000 -0.600  0.000  0.600  1.470  5.518  3.024 100000.  42697.  25660.  0.7674  0.6243 86.0955  3.000 0.00000 0.00000
  3.000 -0.600  0.000  0.600  1.470  5.138  3.104 100000.  38372.  23082.  0.7688  0.6582 86.7796  3.000 0.00974 0.00268
  3.000 -0.600  0.000  0.600  1.500  5.538  3.013 100000.  42732.  25615.  0.7673  0.6248 86.0823  3.000 0.00000 0.00000
  3.000 -0.600  0.000  0.600  1.500  5.496  3.029 100000.  42598.  25533.  0.7675  0.6258 86.0632  3.000 0.00000 0.00000
  3.000 -0.600  0.000  0.600  1.500  5.126  3.104 100000.  38214.  23055.  0.7689  0.6586 86.7508  3.000 0.00875 0.00269
  3.000 -0.600  0.000  0.600  1.530  5.466  3.008 100000.  42507.  25224.  0.7676  0.6296 85.9896  3.000 0.00000 0.00000
  3.000 -0.600  0.000  0.600  1.530  5.440  3.026 100000.  42282.  25214.  0.7677  0.6298 86.0089  3.000 0.00000 0.00000
  3.000 -0.600  0.000  0.600  1.530  5.079  3.102 100000.  37965.  22812.  0.7690  0.6621 86.6775  3.000 0.00753 0.00272
  3.000 -0.600  0.000  0.600  1.560  5.346  3.007 100000.  42081.  24590.  0.7680  0.6377 85.8763  3.000 0.00000 0.00000
  3.000 -0.600  0.000  0.600  1.560  5.320  3.026 100000.  41966.  24574.  0.7681  0.6379 85.8689  3.000 0.00000 0.00000
  3.000 -0.600  0.000  0.600  1.560  4.993  3.093 100000.  37602.  22384.  0.7693  0.6684 86.5716  3.000 0.00715 0.00277
  3.000 -0.600  0.000  0.600  1.590  5.204  3.012 100000.  41699.  23790.  0.7686  0.6483 85.7271  3.000 0.00000 0.00000
  3.000 -0.600  0.000  0.600  1.590  5.179  3.024 100000.  41461.  23748.  0.7687  0.6489 85.7331  3.000 0.00000 0.00000
  3.000 -0.600  0.000  0.600  1.590  4.864  3.082 100000.  37128.  21774.  0.7698  0.6777 86.3925  3.000 0.00711 0.00283
  3.000 -0.600  0.000  0.600  1.620  5.023  3.009 100000.  40960.  22619.  0.7692  0.6649 85.5398  3.000 0.00000 0.00000
  3.000 -0.600  0.000  0.600  1.620  4.995  3.019 100000.  40806.  22637.  0.7693  0.6646 85.5501  3.000 0.00000 0.00000
  3.000 -0.600  0.000  0.600  1.620  4.707  3.074 100000.  36526.  20845.  0.7703  0.6926 86.2076  3.000 0.00582 0.00292
  3.000 -0.600  0.000  0.600  1.650  4.801  3.019 100000.  40350.  21212.  0.7700  0.6866 85.3368  3.000 0.00000 0.00000
  3.000 -0.600  0.000  0.600  1.650  4.775  3.026 100000.  40002.  21128.  0.7701  0.6880 85.3124  3.000 0.00000 0.00000
  3.000 -0.600  0.000  0.600  1.650  4.523  3.073 100000.  35834.  19752.  0.7709  0.7115 85.9855  3.000 0.00656 0.00304
